7F2: 7FA 10 14 62 F1 90 4C 43 30, 7FA 21 43 45 34 43 42 38 53, 7FA 22 30 30 30 32 39 32 39
*7F1: 7F9 10 14 62 F1 90 4C 43 30, 7F9 21 43 45 34 43 42 38 53, 7F9 22 30 30 30 32 39 32 39
*7E7: 7EF 03 7F 22 31
*7E3: 7EB 03 7F 22 22
*7E2: 7EA 10 14 62 F1 90 4C 43 30, 7EA 21 43 45 34 43 42 38 53, 7EA 22 30 30 30 32 39 32 39
*7E0: 7E8 10 14 62 F1 90 4C 43 30, 7E8 21 43 45 34 43 42 38 53, 7E8 22 30 30 30 32 39 32 39
7D6: 7DE 03 7F 22 31
7D4: 7DC 10 14 62 F1 90 4C 43 30, 7DC 21 43 45 34 43 42 38 53, 7DC 22 30 30 30 32 39 32 39
7C2: 7CA 10 14 62 F1 90 4C 43 30, 7CA 21 43 45 34 43 42 38 53, 7CA 22 30 30 30 32 39 32 39
7B3: 7BB 10 14 62 F1 90 41 41 41, 7BB 21 41 41 41 41 41 41 41, 7BB 22 41 41 41 41 41 41 41
7A7: 7AF 03 7F 22 31
794: 79C 03 7F 22 31
783: 78B 03 7F 22 31
782: 78A 03 7F 22 31
762: 76A 03 7F 22 31
761: 769 10 14 62 F1 90 4C 43 30, 769 21 43 45 34 43 42 38 53, 769 22 30 30 30 32 39 32 39
760: 768 10 14 62 F1 90 4C 43 30, 768 21 43 45 34 43 42 38 53, 768 22 30 30 30 32 39 32 39
754: 75C 03 7F 22 31
741: 749 10 14 62 F1 90 4C 43 30, 749 21 43 45 34 43 42 38 53, 749 22 30 30 30 32 39 32 39
733: 73B 03 7F 22 31
726: 72E 03 7F 22 12
725: 72D 03 7F 22 31
723: 72B 03 7F 22 01
720: 728 10 14 62 F1 90 4C 43 30, 728 21 43 45 34 43 42 38 53, 728 22 30 30 30 32 39 32 39
711: 719 03 7F 22 31
704: 70C 10 14 62 F1 90 4C 43 30, 70C 21 43 45 34 43 42 38 53, 70C 22 30 30 30 32 39 32 39
68C: 68E 14 00 00 00 00 00 00 00
68B: 68E 14 00 00 00 00 00 00 00
68A: 68E 14 00 00 00 00 00 00 00
689: 68E 14 00 00 00 00 00 00 00
688: 68E 14 00 00 00 00 00 00 00
687: 68E 14 00 00 00 00 00 00 00
686: 68E 14 00 00 00 00 00 00 00
685: 68E 14 00 00 00 00 00 00 00
684: 68E 14 00 00 00 00 00 00 00
683: 68E 14 00 00 00 00 00 00 00
682: 68E 14 00 00 00 00 00 00 00
681: 68E 14 00 00 00 00 00 00 00
680: 68E 14 00 00 00 00 00 00 00
67F: 68E 14 00 00 00 00 00 00 00
67E: 68E 14 00 00 00 00 00 00 00
67D: 68E 14 00 00 00 00 00 00 00
67C: 68E 14 00 00 00 00 00 00 00
67B: 68E 14 00 00 00 00 00 00 00
67A: 68E 14 00 00 00 00 00 00 00
679: 68E 14 00 00 00 00 00 00 00
678: 68E 14 00 00 00 00 00 00 00
677: 68E 14 00 00 00 00 00 00 00
676: 68E 14 00 00 00 00 00 00 00
675: 68E 14 00 00 00 00 00 00 00
674: 68E 14 00 00 00 00 00 00 00
673: 68E 14 00 00 00 00 00 00 00
672: 68E 14 00 00 00 00 00 00 00
671: 68E 14 00 00 00 00 00 00 00
670: 68E 14 00 00 00 00 00 00 00
66F: 68E 14 00 00 00 00 00 00 00
66E: 68E 14 00 00 00 00 00 00 00
66D: 68E 14 00 00 00 00 00 00 00
66C: 68E 14 00 00 00 00 00 00 00
66B: 68E 14 00 00 00 00 00 00 00
66A: 68E 14 00 00 00 00 00 00 00
669: 68E 14 00 00 00 00 00 00 00
668: 68E 14 00 00 00 00 00 00 00
667: 68E 14 00 00 00 00 00 00 00
666: 68E 14 00 00 00 00 00 00 00
665: 68E 14 00 00 00 00 00 00 00
664: 68E 14 00 00 00 00 00 00 00
663: 68E 14 00 00 00 00 00 00 00
662: 68E 14 00 00 00 00 00 00 00
661: 68E 14 00 00 00 00 00 00 00
660: 68E 14 00 00 00 00 00 00 00
65F: 68E 14 00 00 00 00 00 00 00
65E: 68E 14 00 00 00 00 00 00 00
65D: 68E 14 00 00 00 00 00 00 00
65C: 68E 14 00 00 00 00 00 00 00
65B: 68E 14 00 00 00 00 00 00 00
65A: 68E 14 00 00 00 00 00 00 00
659: 68E 14 00 00 00 00 00 00 00
658: 68E 14 00 00 00 00 00 00 00
657: 68E 14 00 00 00 00 00 00 00
656: 68E 14 00 00 00 00 00 00 00
655: 68E 14 00 00 00 00 00 00 00
654: 68E 14 00 00 00 00 00 00 00
653: 68E 14 00 00 00 00 00 00 00
652: 68E 14 00 00 00 00 00 00 00
651: 68E 14 00 00 00 00 00 00 00
650: 68E 14 00 00 00 00 00 00 00
64F: 68E 14 00 00 00 00 00 00 00
64E: 68E 14 00 00 00 00 00 00 00
64D: 68E 14 00 00 00 00 00 00 00
64C: 68E 14 00 00 00 00 00 00 00
64B: 68E 14 00 00 00 00 00 00 00
64A: 68E 14 00 00 00 00 00 00 00
649: 68E 14 00 00 00 00 00 00 00
648: 68E 14 00 00 00 00 00 00 00
647: 68E 14 00 00 00 00 00 00 00
646: 68E 14 00 00 00 00 00 00 00
645: 68E 14 00 00 00 00 00 00 00
644: 68E 14 00 00 00 00 00 00 00
643: 68E 14 00 00 00 00 00 00 00
642: 68E 14 00 00 00 00 00 00 00
641: 68E 14 00 00 00 00 00 00 00
640: 68E 14 00 00 00 00 00 00 00
63F: 68E 14 00 00 00 00 00 00 00
63E: 68E 14 00 00 00 00 00 00 00
63D: 68E 14 00 00 00 00 00 00 00
63C: 68E 14 00 00 00 00 00 00 00
63B: 68E 14 00 00 00 00 00 00 00
63A: 68E 14 00 00 00 00 00 00 00
639: 68E 14 00 00 00 00 00 00 00
638: 68E 14 00 00 00 00 00 00 00
637: 68E 14 00 00 00 00 00 00 00
636: 68E 14 00 00 00 00 00 00 00
635: 68E 14 00 00 00 00 00 00 00
634: 68E 14 00 00 00 00 00 00 00
633: 68E 14 00 00 00 00 00 00 00
632: 68E 14 00 00 00 00 00 00 00
631: 68E 14 00 00 00 00 00 00 00
630: 68E 14 00 00 00 00 00 00 00
62F: 68E 14 00 00 00 00 00 00 00
62E: 68E 14 00 00 00 00 00 00 00
62D: 68E 14 00 00 00 00 00 00 00
62C: 68E 14 00 00 00 00 00 00 00
62B: 68E 14 00 00 00 00 00 00 00
62A: 68E 14 00 00 00 00 00 00 00
629: 68E 14 00 00 00 00 00 00 00
628: 68E 14 00 00 00 00 00 00 00
627: 68E 14 00 00 00 00 00 00 00
626: 68E 14 00 00 00 00 00 00 00
625: 68E 14 00 00 00 00 00 00 00
624: 68E 14 00 00 00 00 00 00 00
623: 68E 14 00 00 00 00 00 00 00
622: 68E 14 00 00 00 00 00 00 00
621: 68E 14 00 00 00 00 00 00 00
620: 68E 14 00 00 00 00 00 00 00
61F: 68E 14 00 00 00 00 00 00 00
61E: 68E 14 00 00 00 00 00 00 00
61D: 68E 14 00 00 00 00 00 00 00
61C: 68E 14 00 00 00 00 00 00 00
61B: 68E 14 00 00 00 00 00 00 00
61A: 68E 14 00 00 00 00 00 00 00
619: 68E 14 00 00 00 00 00 00 00
618: 68E 14 00 00 00 00 00 00 00
617: 68E 14 00 00 00 00 00 00 00
616: 68E 14 00 00 00 00 00 00 00
615: 68E 14 00 00 00 00 00 00 00
614: 68E 14 00 00 00 00 00 00 00
613: 68E 14 00 00 00 00 00 00 00
612: 68E 14 00 00 00 00 00 00 00
611: 68E 14 00 00 00 00 00 00 00
610: 68E 14 00 00 00 00 00 00 00
60F: 68E 14 00 00 00 00 00 00 00
60E: 68E 14 00 00 00 00 00 00 00
60D: 68E 14 00 00 00 00 00 00 00
60C: 68E 14 00 00 00 00 00 00 00
60B: 68E 14 00 00 00 00 00 00 00
581: 589 03 7F 22 31

Quantidade de comandos: 2046
Negativo: 1889
Positivo: 157
Janelas de tamanho: {3, 4, 5}
