22 0002: 7E8 04 62 00 02 00
22 0005: 7E8 04 62 00 05 00
22 0006: 7E8 04 62 00 06 00
22 0007: 7E8 04 62 00 07 00
22 0008: 7E8 04 62 00 08 00
22 0009: 7E8 05 62 00 09 00 00
22 000A: 7E8 04 62 00 0A 00
22 000B: 7E8 04 62 00 0B 00
22 000C: 7E8 04 62 00 0C 00
22 000D: 7E8 05 62 00 0D 00 00
22 000E: 7E8 05 62 00 0E 00 00
22 000F: 7E8 05 62 00 0F 00 00
22 0010: 7E8 04 62 00 10 00
22 0011: 7E8 05 62 00 11 00 00
22 0012: 7E8 05 62 00 12 00 00
22 0013: 7E8 04 62 00 13 00
22 0014: 7E8 04 62 00 14 00
22 0015: 7E8 04 62 00 15 00
22 0016: 7E8 04 62 00 16 00
22 0017: 7E8 04 62 00 17 00
22 0018: 7E8 04 62 00 18 00
22 0019: 7E8 04 62 00 19 00
22 001A: 7E8 04 62 00 1A 00
22 001B: 7E8 06 62 00 1B 94 42 01
22 001C: 7E8 04 62 00 1C 00
22 001D: 7E8 04 62 00 1D 00
22 001E: 7E8 04 62 00 1E 00
22 001F: 7E8 04 62 00 1F 00
22 0020: 7E8 04 62 00 20 00
22 0021: 7E8 04 62 00 21 00
22 0022: 7E8 04 62 00 22 00
22 0023: 7E8 04 62 00 23 00
22 0026: 7E8 05 62 00 26 00 00
22 0200: 7E8 04 62 02 00 00
22 0201: 7E8 04 62 02 01 00
22 0202: 7E8 04 62 02 02 00
22 0203: 7E8 04 62 02 03 00
22 0204: 7E8 04 62 02 04 00
22 0205: 7E8 04 62 02 05 00
22 0206: 7E8 05 62 02 06 00 00
22 0207: 7E8 04 62 02 07 00
22 0208: 7E8 04 62 02 08 00
22 0209: 7E8 04 62 02 09 00
22 020A: 7E8 04 62 02 0A 00
22 020B: 7E8 04 62 02 0B 00
22 020C: 7E8 04 62 02 0C 00
22 020D: 7E8 04 62 02 0D 00
22 020E: 7E8 04 62 02 0E 00
22 020F: 7E8 04 62 02 0F 00
22 0210: 7E8 04 62 02 10 00
22 0211: 7E8 04 62 02 11 00
22 0212: 7E8 04 62 02 12 00
22 0213: 7E8 04 62 02 13 00
22 0214: 7E8 04 62 02 14 00
22 0215: 7E8 04 62 02 15 00
22 0216: 7E8 04 62 02 16 00
22 0217: 7E8 04 62 02 17 00
22 0218: 7E8 04 62 02 18 00
22 0219: 7E8 04 62 02 19 00
22 021A: 7E8 04 62 02 1A 00
22 021B: 7E8 05 62 02 1B 88 00
22 021C: 7E8 04 62 02 1C 00
22 021D: 7E8 04 62 02 1D 00
22 021E: 7E8 04 62 02 1E 00
22 021F: 7E8 04 62 02 1F 00
22 0220: 7E8 04 62 02 20 00
22 0221: 7E8 04 62 02 21 00
22 0222: 7E8 04 62 02 22 00
22 0223: 7E8 04 62 02 23 00
22 0224: 7E8 04 62 02 24 00
22 0225: 7E8 04 62 02 25 00
22 0226: 7E8 04 62 02 26 00
22 0227: 7E8 04 62 02 27 00
22 0228: 7E8 04 62 02 28 00
22 0229: 7E8 04 62 02 29 00
22 022A: 7E8 04 62 02 2A 00
22 022B: 7E8 04 62 02 2B 00
22 022C: 7E8 04 62 02 2C 00
22 022D: 7E8 04 62 02 2D 00
22 022E: 7E8 04 62 02 2E 00
22 022F: 7E8 04 62 02 2F 00
22 0230: 7E8 05 62 02 30 00 00
22 0231: 7E8 04 62 02 31 00
22 0232: 7E8 04 62 02 32 00
22 0233: 7E8 04 62 02 33 00
22 F190: 7E8 10 14 62 F1 90 4C 43 30, 7E8 21 43 45 34 43 42 38 53, 7E8 22 30 30 30 32 39 32 39
22 F193: 7E8 10 08 62 F1 93 03 16 01, 7E8 21 0F 00 AA AA AA AA AA
22 F194: 7E8 10 0C 62 F1 94 48 37 00, 7E8 21 11 CA FD 00 22 02 AA
22 F195: 7E8 10 09 62 F1 95 75 3A 17, 7E8 21 04 19 0A AA AA AA AA
22 F197: 7E8 10 0B 62 F1 97 45 4D 32, 7E8 21 45 20 20 20 20 AA AA
22 F1F0: 7E8 06 62 F1 F0 AA AA AA
